S1:
[011002][011002][011002][011002][011002][011002][011002][011002][011002][011002][011002][011002][011002][011002][011002][011011][011011][011011][011011][011011][011011][011011][011011][011011][011011][011011][011011][011011][011011][011011][011110][011110][011110][011110][011110][011110][011110][011110][011110][011110][011110][011110][011110][011110][011110][011200][011200][011200][011200][011200][011200][011200][011200][011200][011200][011200][011200][011200][011200][011200][020002][020002][020002][020002][020002][020002][020002][020002][020002][020002][020002][020002][020002][020002][020002][020011][020011][020011][020011][020011][020011][020011][020011][020011][020011][020011][020011][020011][020011][020011][020110][020110][020110][020110][020110][020110][020110][020110][020110][020110][020110][020110][020110][020110][020110][020200][020200][020200][020200][020200][020200][020200][020200][020200][020200][020200][020200][020200][020200][020200][110002][110002][110002][110002][110002][110002][110002][110002][110002][110002][110002][110002][110002][110002][110002][110011][110011][110011][110011][110011][110011][110011][110011][110011][110011][110011][110011][110011][110011][110011][110110][110110][110110][110110][110110][110110][110110][110110][110110][110110][110110][110110][110110][110110][110110][110200][110200][110200][110200][110200][110200][110200][110200][110200][110200][110200][110200][110200][110200][110200][200002][200002][200002][200002][200002][200002][200002][200002][200002][200002][200002][200002][200002][200002][200002][200011][200011][200011][200011][200011][200011][200011][200011][200011][200011][200011][200011][200011][200011][200011][200110][200110][200110][200110][200110][200110][200110][200110][200110][200110][200110][200110][200110][200110][200110][200200][200200][200200][200200][200200][200200][200200][200200][200200][200200][200200][200200][200200][200200][200200]

S2:
[011002][011011][011110][011200][020002][020011][020110][020200][110002][110011][110110][110200][200002][200011][200110][011002][011011][011110][011200][020002][020011][020110][020200][110002][110011][110110][110200][200002][200011][200110][011002][011011][011110][011200][020002][020011][020110][020200][110002][110011][110110][110200][200002][200011][200110][011002][011011][011110][011200][020002][020011][020110][020200][110002][110011][110110][110200][200002][200011][200110][011002][011011][011110][011200][020002][020011][020110][020200][110002][110011][110110][110200][200002][200011][200110][011002][011011][011110][011200][020002][020011][020110][020200][110002][110011][110110][110200][200002][200011][200110][011002][011011][011110][011200][020002][020011][020110][020200][110002][110011][110110][110200][200002][200011][200110][011002][011011][011110][011200][020002][020011][020110][020200][110002][110011][110110][110200][200002][200011][200110][011002][011011][011110][011200][020002][020011][020110][020200][110002][110011][110110][110200][200002][200011][200110][011002][011011][011110][011200][020002][020011][020110][020200][110002][110011][110110][110200][200002][200011][200110][011002][011011][011110][011200][020002][020011][020110][020200][110002][110011][110110][110200][200002][200011][200110][011002][011011][011110][011200][020002][020011][020110][020200][110002][110011][110110][110200][200002][200011][200110][011002][011011][011110][011200][020002][020011][020110][020200][110002][110011][110110][110200][200002][200011][200110][011002][011011][011110][011200][020002][020011][020110][020200][110002][110011][110110][110200][200002][200011][200110][011002][011011][011110][011200][020002][020011][020110][020200][110002][110011][110110][110200][200002][200011][200110][011002][011011][011110][011200][020002][020011][020110][020200][110002][110011][110110][110200][200002][200011][200110]

coding:
/1/110/10/0/01/0110/010/10/101/10110/1010/100/1001/100110/0//10/100/00/0/010/0100/100/10/1010/10100/1000/100/10010/001/01//0/0001/001/0/00/10001/1001/10/100/100001/10001/100/01/011/1//001/0011/01/0/1001/10011/101/10/10001/100011/1001/1/11/1110/110//1/110/10/1/11/1110/110/10/101/10110/10/1/110/1100/0//10/100/10/1/110/1100/100/10/1010/1001/101/1/10/001/01//0/1001/101/1/10/10001/1001/10/101/1011/11/1/01/011/1//101/1011/11/1/1001/10011/101/01/011/01110/0110/0/01/0110/010//1/110/10/0/01/0110/010/01/0110/01100/00/0/010/0100/0//10/100/00/0/010/01001/0101/01/010/0001/001/0/00/001/01//0/0001/001/0/0101/01011/011/01/001/0011/01/0/01/011/1//001/0011/01/011/0111/011110/01110/01/011/01110/0110/1/11/1110/110//1/110/0110/011/01110/011100/010/01/0110/01100/10/1/110/1100/0//10/011001/01101/011/0110/01001/0101/01/010/1001/101/1/10/001/01//01101/011011/0111/011/0101/01011/011/01/101/1011/11/1/01/011/1/

Final Strings:
[1][110][10][0][01][0110][010][10][101][10110][1010][100][1001][100110][0][10][100][00][0][010][0100][100][10][1010][10100][1000][100][10010][001][01][0][0001][001][0][00][10001][1001][10][100][100001][10001][100][01][011][1][001][0011][01][0][1001][10011][101][10][10001][100011][1001][1][11][1110][110][1][110][10][1][11][1110][110][10][101][10110][10][1][110][1100][0][10][100][10][1][110][1100][100][10][1010][1001][101][1][10][001][01][0][1001][101][1][10][10001][1001][10][101][1011][11][1][01][011][1][101][1011][11][1][1001][10011][101][01][011][01110][0110][0][01][0110][010][1][110][10][0][01][0110][010][01][0110][01100][00][0][010][0100][0][10][100][00][0][010][01001][0101][01][010][0001][001][0][00][001][01][0][0001][001][0][0101][01011][011][01][001][0011][01][0][01][011][1][001][0011][01][011][0111][011110][01110][01][011][01110][0110][1][11][1110][110][1][110][0110][011][01110][011100][010][01][0110][01100][10][1][110][1100][0][10][011001][01101][011][0110][01001][0101][01][010][1001][101][1][10][001][01][01101][011011][0111][011][0101][01011][011][01][101][1011][11][1][01][011][1]